25,25

7,3,1,1,7
1,1,2,2,1,1
1,3,1,3,1,1,3,1
1,3,1,1,6,1,3,1
1,3,1,5,2,1,3,1
1,1,2,1,1
7,1,1,1,1,1,7
3,3
1,2,3,1,1,3,1,1,2
1,1,3,2,1,1
4,1,4,2,1,2
1,1,1,1,1,4,1,3
2,1,1,1,2,5
3,2,2,6,3,1
1,9,1,1,2,1
2,1,2,2,3,1
3,1,1,1,1,5,1
1,2,2,5
7,1,2,1,1,1,3
1,1,2,1,2,2,1
1,3,1,4,5,1
1,3,1,3,10,2
1,3,1,1,6,6
1,1,2,1,1,2
7,2,1,2,5

7,2,1,1,7
1,1,2,2,1,1
1,3,1,3,1,3,1,3,1
1,3,1,1,5,1,3,1
1,3,1,1,4,1,3,1
1,1,1,2,1,1
7,1,1,1,1,1,7
1,1,3
2,1,2,1,8,2,1
2,2,1,2,1,1,1,2
1,7,3,2,1
1,2,3,1,1,1,1,1
4,1,1,2,6
3,3,1,1,1,3,1
1,2,5,2,2
2,2,1,1,1,1,1,2,1
1,3,3,2,1,8,1
6,2,1
7,1,4,1,1,3
1,1,1,1,4
1,3,1,3,7,1
1,3,1,1,1,2,1,1,4
1,3,1,4,3,3
1,1,2,2,2,6,1
7,1,3,2,1,1

00000 00000 00000 00000 00000
00000 00000 00000 00000 00000
00000 00000 00000 00000 00000
00011 00000 00011 00000 01000
00000 00000 00000 00000 00000
00000 00000 00000 00000 00000
00000 00000 00000 00000 00000
00000 00000 00000 00000 00000
00000 01100 10001 10010 00000
00000 00000 00000 00000 00000
00000 00000 00000 00000 00000
00000 00000 00000 00000 00000
00000 00000 00000 00000 00000
00000 00000 00000 00000 00000
00000 00000 00000 00000 00000
00000 00000 00000 00000 00000
00000 01000 01000 01000 10000
00000 00000 00000 00000 00000
00000 00000 00000 00000 00000
00000 00000 00000 00000 00000
00000 00000 00000 00000 00000
00011 00001 10000 10000 11000
00000 00000 00000 00000 00000
00000 00000 00000 00000 00000
00000 00000 00000 00000 00000